ANO4,AGLOMERADO,AGLO_rk
2003,0,0.6
2003,10,0.433
2003,33,0.633
2003,9,0.9
2003,30,0.8
2003,2,0.833
2003,23,0.3
2003,14,0.133
2003,19,0.067
2003,7,0.733
2003,36,0.4
2003,32,1.0
2003,5,0.7
2003,6,0.367
2003,3,0.867
2003,29,0.1
2003,8,0.167
2003,17,0.767
2003,4,0.467
2003,18,0.267
2003,27,0.5
2003,15,0.567
2003,25,0.333
2003,31,0.967
2003,34,0.667
2003,13,0.533
2003,12,0.033
2003,22,0.2
2003,20,0.933
2003,26,0.233
2004,0,0.7
2004,10,0.633
2004,9,0.967
2004,8,0.133
2004,29,0.2
2004,30,0.733
2004,4,0.533
2004,33,0.667
2004,2,0.833
2004,7,0.5
2004,14,0.1
2004,17,0.867
2004,19,0.067
2004,36,0.6
2004,32,0.933
2004,5,0.567
2004,6,0.433
2004,3,0.8
2004,34,0.767
2004,18,0.267
2004,27,0.367
2004,23,0.333
2004,13,0.467
2004,15,0.167
2004,25,0.4
2004,31,1.0
2004,12,0.033
2004,22,0.233
2004,26,0.3
2004,20,0.9
2005,0,0.667
2005,7,0.4
2005,4,0.567
2005,29,0.167
2005,33,0.6
2005,5,0.7
2005,32,0.9
2005,31,1.0
2005,2,0.867
2005,3,0.8
2005,9,0.933
2005,10,0.533
2005,6,0.467
2005,13,0.5
2005,34,0.733
2005,8,0.1
2005,18,0.233
2005,19,0.067
2005,27,0.433
2005,23,0.333
2005,30,0.633
2005,15,0.133
2005,12,0.033
2005,22,0.2
2005,25,0.367
2005,26,0.267
2005,17,0.833
2005,14,0.3
2005,20,0.967
2005,36,0.767
2006,32,0.909
2006,0,0.667
2006,7,0.333
2006,29,0.242
2006,4,0.545
2006,31,1.0
2006,22,0.364
2006,19,0.061
2006,26,0.303
2006,10,0.455
2006,9,0.97
2006,33,0.515
2006,30,0.727
2006,27,0.273
2006,5,0.636
2006,13,0.485
2006,8,0.152
2006,36,0.576
2006,3,0.758
2006,17,0.848
2006,2,0.788
2006,6,0.424
2006,12,0.03
2006,34,0.697
2006,20,0.939
2006,91,0.879
2006,93,0.606
2006,25,0.394
2006,23,0.182
2006,18,0.091
2006,38,0.818
2006,14,0.212
2006,15,0.121
2007,0,0.697
2007,22,0.303
2007,32,0.909
2007,10,0.545
2007,31,1.0
2007,19,0.121
2007,26,0.273
2007,36,0.455
2007,33,0.515
2007,5,0.606
2007,15,0.061
2007,27,0.333
2007,25,0.242
2007,13,0.485
2007,2,0.818
2007,17,0.848
2007,29,0.394
2007,7,0.364
2007,4,0.576
2007,91,0.879
2007,12,0.091
2007,8,0.152
2007,38,0.788
2007,3,0.758
2007,6,0.424
2007,9,0.97
2007,18,0.03
2007,23,0.182
2007,20,0.939
2007,30,0.667
2007,93,0.636
2007,34,0.727
2007,14,0.212
2008,0,0.667
2008,22,0.364
2008,10,0.545
2008,4,0.606
2008,19,0.121
2008,33,0.576
2008,9,0.939
2008,38,0.758
2008,5,0.455
2008,15,0.091
2008,23,0.152
2008,32,0.909
2008,25,0.212
2008,7,0.333
2008,2,0.818
2008,91,0.848
2008,17,0.879
2008,29,0.273
2008,27,0.394
2008,14,0.242
2008,13,0.485
2008,26,0.182
2008,12,0.061
2008,3,0.727
2008,18,0.03
2008,31,1.0
2008,30,0.788
2008,93,0.697
2008,6,0.424
2008,20,0.97
2008,36,0.515
2008,34,0.636
2008,8,0.303
2009,29,0.242
2009,0,0.606
2009,4,0.515
2009,3,0.636
2009,36,0.667
2009,33,0.545
2009,9,0.939
2009,38,0.727
2009,7,0.152
2009,2,0.818
2009,26,0.212
2009,23,0.303
2009,18,0.03
2009,10,0.424
2009,91,0.848
2009,32,0.909
2009,19,0.121
2009,13,0.576
2009,25,0.182
2009,14,0.273
2009,27,0.394
2009,15,0.061
2009,93,0.697
2009,30,0.788
2009,5,0.485
2009,6,0.455
2009,20,0.97
2009,17,0.879
2009,12,0.091
2009,22,0.333
2009,34,0.758
2009,8,0.364
2009,31,1.0
2010,0,0.636
2010,29,0.364
2010,4,0.576
2010,3,0.667
2010,36,0.606
2010,7,0.212
2010,2,0.788
2010,26,0.394
2010,18,0.03
2010,33,0.545
2010,13,0.424
2010,25,0.242
2010,38,0.727
2010,27,0.152
2010,19,0.121
2010,93,0.758
2010,30,0.818
2010,10,0.455
2010,5,0.485
2010,6,0.515
2010,12,0.061
2010,32,0.909
2010,23,0.182
2010,91,0.879
2010,20,0.939
2010,9,1.0
2010,22,0.273
2010,34,0.697
2010,17,0.848
2010,14,0.303
2010,15,0.091
2010,31,0.97
2010,8,0.333
2011,0,0.667
2011,91,0.818
2011,33,0.545
2011,29,0.303
2011,23,0.212
2011,10,0.424
2011,30,0.848
2011,3,0.636
2011,19,0.121
2011,5,0.576
2011,8,0.061
2011,12,0.091
2011,25,0.182
2011,22,0.364
2011,36,0.515
2011,13,0.485
2011,31,0.97
2011,14,0.273
2011,32,0.909
2011,38,0.758
2011,15,0.152
2011,26,0.333
2011,9,1.0
2011,18,0.03
2011,34,0.697
2011,4,0.606
2011,93,0.727
2011,20,0.939
2011,17,0.788
2011,6,0.455
2011,27,0.242
2011,7,0.394
2011,2,0.879
2012,0,0.606
2012,33,0.545
2012,32,0.909
2012,10,0.455
2012,15,0.121
2012,93,0.818
2012,25,0.242
2012,91,0.848
2012,23,0.303
2012,12,0.091
2012,8,0.03
2012,7,0.333
2012,4,0.667
2012,22,0.364
2012,5,0.727
2012,26,0.394
2012,14,0.182
2012,6,0.424
2012,9,1.0
2012,19,0.152
2012,2,0.758
2012,3,0.697
2012,34,0.576
2012,18,0.061
2012,31,0.97
2012,36,0.515
2012,30,0.788
2012,20,0.939
2012,38,0.636
2012,27,0.212
2012,29,0.273
2012,17,0.879
2012,13,0.485
2013,25,0.121
2013,0,0.667
2013,38,0.636
2013,17,0.879
2013,6,0.424
2013,4,0.545
2013,3,0.697
2013,27,0.303
2013,22,0.364
2013,34,0.576
2013,14,0.273
2013,23,0.212
2013,15,0.091
2013,10,0.485
2013,29,0.242
2013,5,0.727
2013,30,0.788
2013,93,0.818
2013,12,0.061
2013,20,0.939
2013,33,0.515
2013,26,0.394
2013,2,0.758
2013,32,0.909
2013,13,0.455
2013,8,0.152
2013,18,0.03
2013,36,0.606
2013,7,0.333
2013,91,0.848
2013,19,0.182
2013,9,0.97
2013,31,1.0
2014,17,0.848
2014,0,0.667
2014,10,0.424
2014,38,0.576
2014,6,0.606
2014,4,0.515
2014,3,0.758
2014,27,0.273
2014,22,0.333
2014,20,0.939
2014,32,0.909
2014,25,0.182
2014,23,0.212
2014,34,0.697
2014,93,0.788
2014,12,0.121
2014,29,0.152
2014,30,0.818
2014,33,0.545
2014,14,0.303
2014,2,0.727
2014,13,0.455
2014,8,0.061
2014,18,0.03
2014,31,1.0
2014,36,0.485
2014,91,0.879
2014,7,0.364
2014,15,0.091
2014,9,0.97
2014,19,0.242
2014,5,0.636
2014,26,0.394
2015,38,0.606
2015,0,0.636
2015,25,0.333
2015,33,0.576
2015,6,0.667
2015,4,0.515
2015,19,0.212
2015,32,0.909
2015,31,1.0
2015,27,0.242
2015,14,0.303
2015,8,0.061
2015,26,0.394
2015,3,0.788
2015,29,0.182
2015,5,0.727
2015,36,0.485
2015,10,0.545
2015,13,0.364
2015,9,0.97
2015,17,0.848
2015,18,0.03
2015,30,0.424
2015,20,0.939
2015,7,0.455
2015,2,0.758
2015,93,0.818
2015,91,0.879
2015,15,0.091
2015,34,0.697
2015,23,0.152
2015,22,0.273
2015,12,0.121
2016,0,0.697
2016,22,0.273
2016,26,0.485
2016,32,0.909
2016,10,0.242
2016,33,0.576
2016,8,0.091
2016,6,0.424
2016,23,0.212
2016,29,0.152
2016,30,0.848
2016,36,0.545
2016,31,1.0
2016,18,0.061
2016,7,0.455
2016,15,0.333
2016,2,0.818
2016,5,0.636
2016,14,0.394
2016,3,0.727
2016,19,0.303
2016,91,0.879
2016,17,0.788
2016,13,0.364
2016,34,0.667
2016,4,0.606
2016,25,0.121
2016,12,0.03
2016,38,0.515
2016,93,0.758
2016,9,0.97
2016,27,0.182
2016,20,0.939
2017,0,0.697
2017,22,0.273
2017,26,0.636
2017,32,0.909
2017,10,0.242
2017,33,0.667
2017,93,0.758
2017,8,0.091
2017,6,0.515
2017,23,0.333
2017,91,0.879
2017,34,0.606
2017,29,0.152
2017,30,0.788
2017,36,0.424
2017,31,1.0
2017,7,0.394
2017,15,0.303
2017,2,0.485
2017,5,0.727
2017,14,0.455
2017,3,0.818
2017,19,0.182
2017,12,0.061
2017,17,0.848
2017,13,0.364
2017,27,0.212
2017,25,0.121
2017,18,0.03
2017,9,0.97
2017,4,0.576
2017,38,0.545
2017,20,0.939
2018,0,0.576
2018,32,0.909
2018,10,0.394
2018,20,0.939
2018,33,0.545
2018,9,0.97
2018,14,0.424
2018,22,0.303
2018,2,0.697
2018,26,0.333
2018,30,0.788
2018,91,0.848
2018,18,0.03
2018,31,1.0
2018,93,0.758
2018,6,0.727
2018,38,0.667
2018,36,0.606
2018,29,0.182
2018,25,0.121
2018,34,0.636
2018,13,0.364
2018,7,0.273
2018,15,0.455
2018,3,0.818
2018,12,0.061
2018,8,0.091
2018,27,0.242
2018,17,0.879
2018,23,0.212
2018,19,0.152
2018,4,0.485
2018,5,0.515
2019,0,0.545
2019,32,0.939
2019,10,0.424
2019,20,0.879
2019,9,1.0
2019,14,0.242
2019,22,0.273
2019,2,0.636
2019,26,0.394
2019,30,0.818
2019,91,0.848
2019,31,0.97
2019,6,0.455
2019,93,0.727
2019,38,0.697
2019,36,0.576
2019,33,0.667
2019,25,0.091
2019,34,0.788
2019,13,0.485
2019,3,0.758
2019,12,0.182
2019,8,0.061
2019,27,0.333
2019,18,0.03
2019,29,0.152
2019,19,0.303
2019,5,0.515
2019,15,0.212
2019,23,0.121
2019,4,0.606
2019,7,0.364
2019,17,0.909
2020,19,0.091
2020,0,0.576
2020,33,0.727
2020,14,0.182
2020,2,0.697
2020,4,0.636
2020,93,0.758
2020,30,0.818
2020,91,0.879
2020,26,0.333
2020,27,0.424
2020,6,0.545
2020,7,0.394
2020,17,0.909
2020,36,0.455
2020,13,0.485
2020,25,0.121
2020,34,0.788
2020,10,0.364
2020,8,0.061
2020,31,0.848
2020,15,0.152
2020,18,0.03
2020,9,1.0
2020,32,0.97
2020,5,0.515
2020,38,0.606
2020,20,0.939
2020,23,0.273
2020,3,0.667
2020,22,0.303
2020,12,0.212
2020,29,0.242
2021,0,0.606
2021,19,0.121
2021,17,0.848
2021,33,0.727
2021,4,0.697
2021,93,0.788
2021,26,0.333
2021,27,0.364
2021,7,0.485
2021,13,0.455
2021,34,0.576
2021,36,0.515
2021,30,0.818
2021,10,0.394
2021,8,0.03
2021,3,0.758
2021,31,0.939
2021,6,0.424
2021,15,0.152
2021,91,0.879
2021,25,0.091
2021,18,0.061
2021,9,0.97
2021,32,1.0
2021,23,0.303
2021,2,0.636
2021,38,0.545
2021,20,0.909
2021,5,0.667
2021,22,0.212
2021,29,0.182
2021,14,0.242
2021,12,0.273
