AGLO_rk,AGLOMERADO,P47T
0.0,18,30108.16602949208
0.03125,8,34325.77777777778
0.0625,23,35744.009101941745
0.09375,15,35867.372123602894
0.125,12,36171.918414918415
0.15625,29,37083.00650095602
0.1875,19,37662.169224024554
0.21875,14,38053.01533966399
0.25,22,38666.5862369338
0.28125,27,40118.75258194881
0.3125,25,40733.7810849736
0.34375,13,41470.40905874027
0.375,36,41944.82498453927
0.40625,4,42031.677591151165
0.4375,10,42226.94715168154
0.46875,26,42297.996394230766
0.5,7,42682.534458509144
0.53125,38,44259.356046654386
0.5625,33,44775.84815671006
0.59375,0,45712.10992727104
0.625,34,46317.70198675497
0.65625,6,46739.28790560472
0.6875,5,46757.15327301756
0.71875,30,49173.77159309021
0.75,2,49546.36977256053
0.78125,3,49620.95499618612
0.8125,93,53257.832
0.84375,91,58723.69431117203
0.875,17,59902.66810966811
0.90625,32,62001.90689785149
0.9375,20,74102.1972098922
0.96875,31,78620.33107191316
1.0,9,83283.09812734083
